6.000000 1.000000
7.302139 1.711362
-7.143939 2.283448
4.955776 -5.629412
-1.359421 7.375769
-2.623216 -7.026289
5.860462 4.680276
-7.432447 -1.004355
6.892490 -2.956956
-4.394019 6.078042
0.646981 -7.472042
3.283899 6.742849
-6.281652 -4.097663
7.494464 0.288119
-6.577710 3.603294
3.791889 -6.470825
0.071404 7.499660
-3.914408 -6.397454
6.645125 3.477400
-7.487619 0.430764
6.202493 -4.216525
-3.154918 6.804153
-0.789133 -7.458369
4.508950 5.993277
-6.947541 -2.825185
7.411977 -1.145688
-5.770286 4.791012
2.488959 -7.074962
1.499611 7.348549
-5.062063 -5.534033
7.186121 2.147012
